1	 -0.0307	  0.0949	 -0.0047	     Fp1
2	       0	  0.0714	  0.0699	      Fz
3	 -0.0567	  0.0677	  0.0469	      F3
4	 -0.0804	  0.0586	 -0.0088	      F7
5	 -0.0824	  0.0274	 -0.0495	     FT9
6	 -0.0896	  0.0338	  0.0284	     FC5
7	  -0.038	  0.0381	  0.0841	     FC1
8	 -0.0742	       0	  0.0668	      C3
9	 -0.0994	       0	 -0.0104	      T7
10	 -0.0824	 -0.0274	 -0.0495	     TP9
11	 -0.0896	 -0.0338	  0.0284	     CP5
12	  -0.038	 -0.0381	  0.0841	     CP1
13	       0	 -0.0714	  0.0699	      Pz
14	 -0.0567	 -0.0677	  0.0469	      P3
15	 -0.0804	 -0.0586	 -0.0088	      P7
16	 -0.0307	 -0.0949	 -0.0047	      O1
17	       0	 -0.0999	 -0.0021	      Oz
18	  0.0307	 -0.0949	 -0.0047	      O2
19	  0.0566	 -0.0677	  0.0469	      P4
20	  0.0804	 -0.0587	 -0.0088	      P8
21	  0.0824	 -0.0274	 -0.0495	    Tp10
22	  0.0896	 -0.0338	  0.0284	     CP6
23	   0.038	 -0.0381	  0.0841	     CP2
24	       0	       0	     0.1	      Cz
25	  0.0743	       0	  0.0669	      C4
26	  0.0994	       0	 -0.0104	      T8
27	  0.0824	  0.0274	 -0.0495	    FT10
28	  0.0896	  0.0338	  0.0284	     FC6
29	   0.038	  0.0381	  0.0841	     FC2
30	  0.0566	  0.0677	  0.0469	      F4
31	  0.0804	  0.0587	 -0.0088	      F8
32	  0.0307	  0.0949	 -0.0047	     Fp2
33	       0	       0	       0	   x_dir
34	       0	       0	       0	   y_dir
35	       0	       0	       0	   z_dir
